1 0.57265625 0.70234375 0.1734375 0.3015625
1 0.9171875 0.8859375 0.1625 0.225
1 0.4640625 0.34765625 0.0875 0.1703125
1 0.41484375 0.190625 0.0453125 0.06875
3 0.54140625 0.23984375 0.0859375 0.1703125
2 0.2609375 0.715625 0.046875 0.128125
2 0.0984375 0.64375 0.04375 0.125
2 0.2609375 0.50078125 0.0375 0.0953125
3 0.46015625 0.11640625 0.0484375 0.1046875
1 0.39296875 0.1234375 0.0359375 0.046875
2 0.2171875 0.3375 0.025 0.0625
3 0.459375 0.11640625 0.046875 0.1015625
2 0.190625 0.56171875 0.04375 0.1140625
2 0.1515625 0.7546875 0.05625 0.146875
2 0.29375 0.375 0.021875 0.06875
2 0.184375 0.43359375 0.025 0.0640625