3 0.415625 0.22421875 0.071875 0.1796875
3 0.5203125 0.19921875 0.103125 0.2046875
2 0.17109375 0.74765625 0.0515625 0.1453125
2 0.07265625 0.7078125 0.0453125 0.134375
1 0.2875 0.24921875 0.0625 0.1046875
2 0.1390625 0.50546875 0.03125 0.0859375
2 0.18515625 0.37890625 0.0203125 0.0578125
0 0.55234375 0.6421875 0.2984375 0.7125
3 0.55390625 0.6421875 0.3015625 0.7125
0 0.45859375 0.11015625 0.0515625 0.1140625
2 0.17890625 0.60078125 0.0453125 0.0734375
2 0.17578125 0.50546875 0.0359375 0.0546875
3 0.57734375 0.80390625 0.2546875 0.3890625
3 0.45859375 0.11015625 0.0515625 0.1140625