1 0.4234375 0.23828125 0.053125 0.0859375
3 0.70078125 0.41796875 0.3078125 0.5453125
1 0.4046875 0.15703125 0.0375 0.0578125
2 0.08046875 0.853125 0.0609375 0.159375
1 0.47578125 0.1515625 0.0453125 0.071875
2 0.15859375 0.6109375 0.0515625 0.121875
2 0.28046875 0.4375 0.0234375 0.08125
1 0.02421875 0.76015625 0.0484375 0.1515625
0 0.48828125 0.4296875 0.1046875 0.23125
2 0.1515625 0.45625 0.034375 0.075
1 0.48828125 0.42890625 0.1046875 0.2296875
2 0.2203125 0.63984375 0.05 0.1359375
2 0.196875 0.46640625 0.025 0.0796875