1 0.77109375 0.67421875 0.2265625 0.3453125
1 0.4046875 0.25390625 0.05625 0.0921875
1 0.49140625 0.2234375 0.0671875 0.1125
1 0.55546875 0.67578125 0.2109375 0.5203125
2 0.165625 0.45234375 0.028125 0.0828125
2 0.28984375 0.490625 0.0328125 0.096875
2 0.15078125 0.6734375 0.0453125 0.1375
2 0.23984375 0.48125 0.0296875 0.084375
1 0.55546875 0.67578125 0.2109375 0.5171875
2 0.2703125 0.384375 0.028125 0.075
1 0.39453125 0.13359375 0.0390625 0.0578125
2 0.30703125 0.28125 0.0171875 0.046875
2 0.2203125 0.39140625 0.025 0.0515625