1 0.83671875 0.42578125 0.0828125 0.2140625
1 0.6203125 0.07734375 0.040625 0.0546875
2 0.1515625 0.8359375 0.0625 0.171875
2 0.30859375 0.92734375 0.0734375 0.1421875
2 0.29296875 0.471875 0.0390625 0.109375
2 0.234375 0.83515625 0.05 0.1671875
2 0.3953125 0.60078125 0.05 0.1453125
2 0.4296875 0.29140625 0.025 0.0703125
2 0.35703125 0.378125 0.0359375 0.1
1 0.69609375 0.45078125 0.2703125 0.6828125
2 0.403125 0.16796875 0.015625 0.0453125
2 0.38828125 0.909375 0.0640625 0.178125
3 0.69609375 0.45 0.2703125 0.68125