3 0.5015625 0.45 0.153125 0.390625
1 0.4140625 0.19765625 0.046875 0.0703125
3 0.675 0.4125 0.196875 0.353125
2 0.11875 0.6984375 0.053125 0.1375
1 0.490625 0.2078125 0.059375 0.09375
2 0.28828125 0.41640625 0.0265625 0.0796875
2 0.20859375 0.5546875 0.0359375 0.103125
2 0.15625 0.52890625 0.0375 0.1015625
2 0.2375 0.4234375 0.03125 0.0875
1 0.403125 0.14375 0.040625 0.065625
2 0.203125 0.9 0.05625 0.184375
3 0.4453125 0.09765625 0.034375 0.0765625
2 0.39296875 0.3828125 0.0203125 0.053125
0 0.4453125 0.09765625 0.034375 0.0765625