1 0.4625 0.34375 0.078125 0.128125
1 0.41484375 0.20859375 0.0484375 0.0734375
1 0.45078125 0.134375 0.0359375 0.05
1 0.67890625 0.96640625 0.1484375 0.0640625
2 0.17109375 0.625 0.0421875 0.121875
2 0.26015625 0.61875 0.0421875 0.125
2 0.07734375 0.7734375 0.0515625 0.140625
1 0.50625 0.2125 0.065625 0.1
3 0.76484375 0.5390625 0.2671875 0.484375
1 0.3921875 0.1203125 0.03125 0.053125
2 0.15390625 0.853125 0.0578125 0.159375
2 0.165625 0.50390625 0.0375 0.0578125
1 0.31171875 0.18203125 0.0453125 0.0640625