3 0.8828125 0.4671875 0.23125 0.4875
1 0.61875 0.3484375 0.1 0.19375
2 0.275 0.81171875 0.059375 0.1671875
2 0.35234375 0.51171875 0.0359375 0.1015625
2 0.27890625 0.54765625 0.0453125 0.1203125
1 0.61484375 0.0875 0.0359375 0.059375
2 0.40859375 0.53125 0.0359375 0.0875
2 0.35546875 0.31875 0.0203125 0.065625
0 0.575 0.11484375 0.059375 0.1453125
2 0.42734375 0.21953125 0.0203125 0.0546875
2 0.40078125 0.74375 0.0515625 0.165625
2 0.38984375 0.21796875 0.0296875 0.0453125
2 0.3421875 0.68359375 0.04375 0.1421875
2 0.44140625 0.33046875 0.0265625 0.0671875
2 0.3859375 0.36953125 0.025 0.0859375