3 0.73046875 0.49921875 0.2140625 0.3828125
1 0.58359375 0.74140625 0.2015625 0.4296875
3 0.49609375 0.1703125 0.0703125 0.146875
1 0.40703125 0.1640625 0.0421875 0.059375
2 0.03671875 0.8203125 0.0546875 0.15
2 0.1921875 0.6453125 0.040625 0.125
2 0.23984375 0.7078125 0.0515625 0.134375
1 0.4453125 0.1125 0.0375 0.059375
1 0.39375 0.1234375 0.03125 0.05
1 0.4421875 0.29140625 0.0625 0.1109375
2 0.14453125 0.53984375 0.0421875 0.1046875
2 0.28125 0.53984375 0.0375 0.1078125
1 0.42109375 0.08046875 0.0265625 0.0359375
0 0.4421875 0.290625 0.0625 0.1125