1 0.72421875 0.653125 0.2390625 0.35
1 0.6640625 0.91328125 0.203125 0.1703125
1 0.584375 0.33359375 0.0875 0.1265625
3 0.4328125 0.08828125 0.05 0.0765625
1 0.46875 0.16484375 0.046875 0.0671875
2 0.22578125 0.58515625 0.0359375 0.1046875
2 0.25546875 0.39140625 0.0234375 0.0671875
2 0.196875 0.38359375 0.028125 0.0765625
2 0.11015625 0.63984375 0.0421875 0.1171875
1 0.40625 0.175 0.053125 0.1125
3 0.3796875 0.0828125 0.028125 0.046875
1 0.3796875 0.0828125 0.028125 0.046875
2 0.26328125 0.29140625 0.0203125 0.0546875