3 0.6484375 0.728125 0.325 0.540625
1 0.4359375 0.265625 0.0625 0.09375
1 0.41484375 0.1828125 0.0484375 0.084375
1 0.53828125 0.29453125 0.0890625 0.1453125
2 0.2515625 0.70859375 0.046875 0.1328125
0 0.4640625 0.12578125 0.04375 0.0953125
0 0.88203125 0.7234375 0.2328125 0.55
2 0.17734375 0.678125 0.0578125 0.146875
2 0.24375 0.5265625 0.034375 0.084375
2 0.17890625 0.4984375 0.0359375 0.09375
3 0.8828125 0.72421875 0.23125 0.5484375
1 0.38359375 0.08671875 0.0265625 0.0359375
2 0.15 0.45390625 0.03125 0.0890625
2 0.28203125 0.4203125 0.0328125 0.0875
2 0.21796875 0.29921875 0.0203125 0.0578125