1 0.59140625 0.3890625 0.1046875 0.146875
1 0.2671875 0.49296875 0.10625 0.1953125
1 0.6484375 0.96328125 0.16875 0.0703125
1 0.42890625 0.2484375 0.0640625 0.109375
3 0.44765625 0.109375 0.0453125 0.103125
2 0.1828125 0.3796875 0.025 0.0625
2 0.21796875 0.9390625 0.0640625 0.11875
0 0.3984375 0.1484375 0.05 0.125
2 0.084375 0.75859375 0.05 0.1390625
2 0.2546875 0.740625 0.05 0.140625
2 0.23359375 0.2609375 0.0171875 0.046875
2 0.2328125 0.365625 0.021875 0.06875
2 0.2328125 0.36875 0.015625 0.0625
3 0.3984375 0.1484375 0.05 0.125