1 0.47421875 0.40390625 0.0921875 0.1515625
1 0.42890625 0.23125 0.0515625 0.084375
1 0.4546875 0.12421875 0.04375 0.0859375
2 0.1515625 0.49609375 0.034375 0.0953125
2 0.1796875 0.665625 0.0375 0.13125
2 0.14296875 0.83671875 0.0515625 0.1609375
2 0.06328125 0.6390625 0.0421875 0.11875
3 0.54140625 0.2515625 0.0765625 0.121875
1 0.5421875 0.2515625 0.078125 0.121875
2 0.2078125 0.5296875 0.040625 0.1125
3 0.39140625 0.084375 0.0390625 0.065625
2 0.21484375 0.32578125 0.0234375 0.0578125
2 0.10703125 0.81015625 0.0296875 0.0859375