1 0.5328125 0.571875 0.15 0.29375
3 0.48515625 0.15234375 0.0640625 0.1296875
2 0.09296875 0.67109375 0.0421875 0.1234375
1 0.40390625 0.15234375 0.0390625 0.0546875
2 0.26328125 0.58046875 0.0390625 0.1109375
1 0.4359375 0.2578125 0.059375 0.09375
2 0.215625 0.54921875 0.034375 0.1046875
2 0.2890625 0.45625 0.03125 0.090625
3 0.653125 0.396875 0.15625 0.29375
1 0.3921875 0.11640625 0.03125 0.0453125
3 0.378125 0.075 0.028125 0.04375
2 0.1703125 0.48359375 0.028125 0.0609375
1 0.43984375 0.10625 0.0328125 0.053125
3 0.440625 0.10546875 0.034375 0.0546875
1 0.4171875 0.075 0.025 0.034375