1 0.4578125 0.34140625 0.075 0.1234375
1 0.60234375 0.4 0.1203125 0.203125
1 0.4265625 0.21875 0.05625 0.1
1 0.4 0.13828125 0.034375 0.0515625
2 0.11328125 0.70703125 0.0484375 0.1328125
2 0.2046875 0.5453125 0.03125 0.1
2 0.2578125 0.578125 0.04375 0.11875
3 0.4796875 0.15234375 0.053125 0.1078125
1 0.4125 0.071875 0.021875 0.028125
3 0.43828125 0.0984375 0.0359375 0.05625
2 0.20546875 0.82578125 0.0578125 0.1609375
1 0.3859375 0.09765625 0.025 0.0390625
2 0.1953125 0.38203125 0.01875 0.0484375
2 0.30546875 0.3796875 0.0234375 0.06875