3 0.68828125 0.45703125 0.2109375 0.4140625
3 0.496875 0.52109375 0.171875 0.4484375
2 0.1828125 0.39765625 0.028125 0.0765625
2 0.24921875 0.76484375 0.0484375 0.1328125
1 0.321875 0.1140625 0.028125 0.040625
2 0.15859375 0.8359375 0.0671875 0.19375
2 0.10859375 0.6296875 0.0453125 0.1125
2 0.29140625 0.36953125 0.0234375 0.0734375
3 0.39765625 0.1546875 0.0546875 0.128125
2 0.28828125 0.259375 0.0171875 0.046875
3 0.44453125 0.0953125 0.0453125 0.09375
3 0.49609375 0.5203125 0.1703125 0.45
2 0.21328125 0.31796875 0.0203125 0.0578125
2 0.3125 0.26640625 0.01875 0.0484375