1 0.790625 0.6875 0.259375 0.384375
1 0.50234375 0.51796875 0.1140625 0.2015625
1 0.5171875 0.2578125 0.06875 0.090625
1 0.29140625 0.3421875 0.0734375 0.128125
2 0.2296875 0.88515625 0.053125 0.1609375
1 0.4125 0.19375 0.05 0.08125
3 0.43515625 0.08984375 0.0359375 0.0734375
2 0.11796875 0.521875 0.0328125 0.1
0 0.39140625 0.1203125 0.0421875 0.10625
3 0.39140625 0.1203125 0.0421875 0.10625
2 0.190625 0.459375 0.028125 0.084375
2 0.096875 0.92890625 0.0625 0.1390625
2 0.14921875 0.61171875 0.0484375 0.1234375
2 0.2765625 0.52578125 0.0375 0.1046875