3 0.89453125 0.5984375 0.2078125 0.6
1 0.6828125 0.19609375 0.071875 0.1109375
3 0.5984375 0.046875 0.053125 0.09375
2 0.26015625 0.61015625 0.0453125 0.1140625
3 0.7375 0.7 0.278125 0.6
0 0.4484375 0.0390625 0.05 0.078125
2 0.378125 0.36171875 0.028125 0.0765625
2 0.29453125 0.4046875 0.0296875 0.0875
1 0.60078125 0.24765625 0.0859375 0.1734375
2 0.19765625 0.9203125 0.0828125 0.153125
2 0.40390625 0.2375 0.0234375 0.059375
2 0.2046875 0.93515625 0.059375 0.1265625
2 0.4296875 0.171875 0.01875 0.040625