2 0.2578125 0.85078125 0.053125 0.1828125
2 0.2984375 0.49140625 0.0375 0.1078125
2 0.17265625 0.7421875 0.0484375 0.153125
2 0.33828125 0.71015625 0.0546875 0.1234375
2 0.4234375 0.4046875 0.03125 0.0875
1 0.46640625 0.07578125 0.0359375 0.0734375
0 0.671875 0.31015625 0.1875 0.2890625
2 0.36484375 0.4828125 0.0359375 0.10625
2 0.40390625 0.3125 0.0234375 0.065625
2 0.36015625 0.25546875 0.0203125 0.0609375
3 0.5578125 0.07734375 0.06875 0.1546875
3 0.684375 0.4375 0.2125 0.546875
2 0.44296875 0.31484375 0.0296875 0.0609375
2 0.4140625 0.1390625 0.01875 0.046875