3 0.84765625 0.6765625 0.3015625 0.559375
1 0.65546875 0.84609375 0.2640625 0.3046875
1 0.45390625 0.32890625 0.0703125 0.1265625
1 0.4109375 0.178125 0.04375 0.065625
3 0.5109375 0.1890625 0.078125 0.159375
1 0.39453125 0.1328125 0.0328125 0.05
2 0.16015625 0.778125 0.0484375 0.146875
2 0.26953125 0.65703125 0.0453125 0.1296875
2 0.20625 0.90859375 0.065625 0.1765625
1 0.4515625 0.12421875 0.040625 0.0609375
2 0.11015625 0.63046875 0.0421875 0.1203125
2 0.225 0.490625 0.028125 0.0875
1 0.42421875 0.0875 0.0265625 0.034375
2 0.18828125 0.325 0.0234375 0.059375
1 0.3828125 0.09375 0.025 0.025
2 0.2859375 0.384375 0.025 0.075