1 0.63203125 0.85234375 0.2109375 0.2921875
1 0.4796875 0.39296875 0.1 0.1828125
1 0.4203125 0.21015625 0.046875 0.0765625
3 0.56640625 0.278125 0.1046875 0.2
1 0.39609375 0.13125 0.0359375 0.05
3 0.46640625 0.12734375 0.0515625 0.1109375
2 0.16171875 0.4859375 0.0328125 0.090625
2 0.20546875 0.378125 0.0234375 0.0625
2 0.05390625 0.78203125 0.0578125 0.1515625
3 0.46640625 0.12734375 0.0515625 0.1109375
2 0.2453125 0.42578125 0.025 0.0734375
2 0.25 0.584375 0.04375 0.1125
2 0.284375 0.4203125 0.03125 0.0875