1 0.64453125 0.475 0.1359375 0.19375
0 0.42578125 0.20703125 0.0984375 0.2328125
3 0.49921875 0.16875 0.0828125 0.171875
3 0.54765625 0.64765625 0.2390625 0.5671875
2 0.2796875 0.4125 0.028125 0.078125
2 0.18671875 0.47578125 0.0390625 0.0921875
2 0.18359375 0.66796875 0.0515625 0.1359375
2 0.23671875 0.41484375 0.0359375 0.0921875
1 0.3234375 0.09609375 0.025 0.0421875
3 0.5 0.16875 0.08125 0.171875
2 0.28125 0.42109375 0.01875 0.0609375
2 0.234375 0.25625 0.01875 0.05
2 0.2953125 0.25 0.01875 0.053125