1 0.6296875 0.09375 0.04375 0.059375
3 0.5703125 0.14140625 0.065625 0.1640625
1 0.59921875 0.046875 0.0328125 0.046875
2 0.34375 0.43203125 0.0375 0.1015625
2 0.2625 0.53984375 0.046875 0.1203125
2 0.4453125 0.1859375 0.028125 0.053125
2 0.36640625 0.77265625 0.0640625 0.1828125
2 0.396875 0.1859375 0.015625 0.05
3 0.7828125 0.578125 0.425 0.8375
2 0.47265625 0.1625 0.0140625 0.040625
2 0.4171875 0.3609375 0.025 0.08125
2 0.1921875 0.946875 0.06875 0.103125
2 0.0671875 0.95625 0.053125 0.084375