3 0.6796875 0.42109375 0.190625 0.3640625
1 0.6203125 0.83359375 0.20625 0.3296875
1 0.41171875 0.19140625 0.0484375 0.0671875
1 0.44765625 0.2984375 0.0703125 0.109375
1 0.44453125 0.1234375 0.0328125 0.046875
2 0.209375 0.88828125 0.065625 0.1890625
2 0.12421875 0.63203125 0.0390625 0.1171875
2 0.128125 0.88984375 0.065625 0.1890625
3 0.49375 0.19140625 0.059375 0.0953125
2 0.27265625 0.528125 0.0390625 0.10625
2 0.19921875 0.51640625 0.0390625 0.0890625
1 0.390625 0.1109375 0.034375 0.053125
1 0.49375 0.19140625 0.059375 0.0953125