3 0.81484375 0.61328125 0.3671875 0.7703125
1 0.43984375 0.2875 0.0640625 0.103125
1 0.4125 0.18046875 0.04375 0.0640625
1 0.5359375 0.59296875 0.15 0.3390625
2 0.103125 0.5765625 0.0375 0.10625
2 0.1921875 0.69140625 0.05 0.1328125
3 0.4375 0.09921875 0.0375 0.0703125
3 0.4984375 0.18203125 0.0546875 0.0859375
2 0.2625 0.57421875 0.034375 0.1015625
2 0.22734375 0.5125 0.0359375 0.1
2 0.18125 0.50546875 0.028125 0.0796875
2 0.14453125 0.6171875 0.0390625 0.115625
2 0.15078125 0.43359375 0.0265625 0.0796875
1 0.4375 0.09921875 0.0375 0.0734375
2 0.08515625 0.9046875 0.0234375 0.09375