1 0.4203125 0.3140625 0.065625 0.11875
2 0.25078125 0.75703125 0.0484375 0.1484375
2 0.19765625 0.67265625 0.0421875 0.1296875
1 0.534375 0.2890625 0.0875 0.15
2 0.12265625 0.57578125 0.0390625 0.1078125
1 0.4 0.153125 0.040625 0.065625
2 0.2546875 0.50390625 0.03125 0.0921875
2 0.221875 0.38828125 0.03125 0.0734375
3 0.68984375 0.91015625 0.2765625 0.1765625
2 0.24140625 0.28515625 0.0203125 0.0453125
2 0.18828125 0.3796875 0.0203125 0.05
2 0.29375 0.359375 0.01875 0.05625
0 0.68984375 0.91015625 0.2765625 0.1765625